1310
660
1920
658
1914
658
1910
657
1915
660
1912
659
1914
1254
1909
848
1441
601
1909
657
1913
658
1914
1061
1914
611
1235
381
1909
1252
1914
744
1355
835
1914
847
1913
1209
1914
657
1909
659
1915
657
1913
658
1909
1252
1915
659
1913
445
1914
446
1914
445
1910
1251
1915
508
1909
447
1909
657
1914
1106
1914
447
1910
447
1921
445
1913
1251
1915
663
1909
445
1909
451
1914
658
1913
850
1910
445
1913
447
1909
843
1891
450
1913
1108
1915
847
1907
848
1908
741
1883
447
1908
446
1915
660
1913
849
1910
658
1913
450
1850
739
1915
659
1892
658
1910
1109
1915
444
1909
447
1914
3542
23
358
23
246
22
253
23
325
23
385
24
1999
24
352
23
346
24
371
19
302
22
336
21
1983
26
391
21
239
23
325
22
288
20
249
22
260
22
2125
23
267
20
316
20
262
22
257
23
304
19
303
22
2069
20
244
19
391
19
350
22
369
19
264
19
1394
21
353
21
340
24
347
22
1322
20
351
23
348
20
351
22
