4066
358
20
262
23
209
21
308
24
312
19
309
19
309
26
309
19
309
19
309
22
310
20
309
19
277
431
359
4022
612
576
360
3964
310
19
308
22
316
20
311
19
311
23
308
21
309
21
308
23
309
20
310
20
304
5018
300
5394
283
21
308
21
310
25
308
21
309
22
308
24
309
21
308
25
309
24
308
20
280
450
358
3966
640
560
359
3983
313
21
308
25
308
22
307
22
312
21
310
22
309
22
308
22
308
23
308
24
300
5144
233
1893
359
3217
411
4066
358
19
260
26
210
24
308
24
309
24
308
22
308
21
308
24
308
23
308
21
309
20
308
21
279
431
360
4024
695
572
359
3968
311
81
321
22
310
22
311
19
310
22
311
24
310
24
312
21
311
24
310
26
304
5019
300
5393
281
20
311
20
309
19
310
19
309
22
309
20
308
23
309
20
308
22
309
19
276
451
361
3965
725
563
359
3981
314
23
310
23
308
21
309
20
310
24
308
19
309
24
309
19
312
23
310
23
301
5145
227
1891
361
3217
409
4069
358
20
263
20
210
21
308
20
308
21
308
20
308
24
308
23
309
23
310
21
309
20
308
19
277
432
359
4024
581
576
359
3966
313
19
311
19
311
19
311
19
311
22
325
22
311
20
309
21
311
20
310
48
299
5018
297
5394
282
23
309
20
310
23
308
19
309
20
309
22
308
22
308
27
309
23
309
19
280
450
360
3965
642
560
358
3985
315
23
309
26
310
20
311
20
310
19
310
20
310
19
310
22
312
22
310
20
303
5144
228
1891
359
3216
