1310
658
1916
659
1920
662
1909
660
1916
656
1915
658
1914
1252
1912
851
1441
600
1909
660
1914
658
1913
1056
1915
613
1236
384
1910
1251
1916
743
1355
837
1914
850
1913
1206
1915
656
1911
658
1915
660
1912
657
1911
1253
1915
658
1915
447
1915
448
1915
446
1912
1253
1916
509
1909
446
1909
661
1913
1109
1916
446
1910
445
1922
446
1913
1255
1918
658
1909
446
1909
449
1913
660
1915
850
1909
445
1912
450
1909
844
1893
450
1914
1112
1913
849
1907
849
1907
740
1883
448
1908
446
1914
658
1915
848
1909
659
1915
449
1849
739
1914
657
1895
659
1912
1110
1914
445
1909
444
1913
